((("winnings" .
   [2 0 0 0 0 0 0 0])
  ("roulette" .
   [1 0 0 0 0 0 0 0])
  ("binding" .
   [2 0 0 0 0 0 0])
  ("bet" .
   [2 0 0])
  ("spin!" .
   [4 0 0 0 0])
  ("res" .
   [5 0 0])
  ("num" .
   [4 0 0])
  ("fn" .
   [3 0])
  ("string" .
   [2 0 0 0 0 0])
  ("clojure.string" .
   [1 0 0 0 0 0 0 0 0 0 0 0 0 0])
  ("stacktrace" .
   [1 0 0 0 0 0 0 0 0 0])
  ("clj-stacktrace.repl" .
   [1 0 0 0 0 0 0 0 0 0 0 0 0 0 0 0 0 0 0])
  (":require" .
   [1 0 0 0 0 0 0 0])
  ("web-stacktrace" .
   [0 0 0 0 0 0 0 0 0 1 0 0 0 0])
  (":only" .
   [1 0 0 0 0])
  ("nsfw.util" .
   [2 0 0 0 0 0 0 0 0])
  ("sessions" .
   [2 0 0 0 0 0 0 0])
  ("session" .
   [2 0 0 0 0 0 0])
  ("memory-store" .
   [1 0 0 0 0 0 0 0 0 0 0 0])
  ("use" .
   [1 0 0])
  ("atom" .
   [1 0 0 0])
  (":as" .
   [3 0 0])
  ("routes" .
   [2 0 0 0 0 0])
  ("as" .
   [1 0])
  ("nsfw.middleware" .
   [1 0 0 0 0 0 0 0 0 0 0 0 0 0 0])
  ("req" .
   [1 0 0])
  ("project-name" .
   [2 0 0 0 0 0 0 0 0 0 0 0])
  ("nsfw." .
   [1 0 0 0 0])
  ("swish.swish" .
   [1 0 0 0 0 0 0 0 0 0 0])
  (":use" .
   [1 0 0 0])
  ("ns" .
   [2 0])
  ("coffee-mode" .
   [0 0 0 0 0 0 0 0 1 0 0])
  ("require" .
   [1 0 0 0 0 0 0])
  ("click" .
   [2 0 0 0 0])
  ("function" .
   [3 0 0 0 0 0 0 0])
  ("str" .
   [10 0 0])
  ("id" .
   [5 0])
  ("nav" .
   [2 0 0])
  ("el" .
   [10 0])
  ("false" .
   [1 0 0 0 0])
  (":id" .
   [5 0 0])
  ("null" .
   [1 0 0 0])
  ("if" .
   [9 0])
  ("lastMenuItem" .
   [4 0 0 0 0 0 0 1 0 0 0 0])
  ("var" .
   [1 0 0])
  ("slideDown" .
   [1 0 0 0 0 0 0 0 0])
  (":div" .
   [24 0 0 0])
  ("none" .
   [3 0 0 0])
  (":h1" .
   [2 0 0])
  ("initMenuNavItem" .
   [1 0 0 0 0 0 0 0 0 0 0 1 0 0 0])
  ("specialty_drinks" .
   [0 0 0 0 0 0 0 0 0 1 0 0 0 0 0 0])
  ("10px" .
   [9 0 0 0])
  ("show" .
   [2 0 0 0])
  ("li" .
   [2 0])
  ("render-flavors" .
   [5 0 0 0 0 0 0 0 0 0 0 0 0 0])
  ("flavors" .
   [9 0 0 0 0 0 0])
  ("html" .
   [8 0 0 0])
  (":h3" .
   [15 0 0])
  (":h2" .
   [6 0 0])
  ("class" .
   [2 0 0 0 0])
  (":class" .
   [23 0 0 0 0 0])
  (":width" .
   [4 0 0 0 0 0])
  ("map" .
   [4 0 0])
  (":ul" .
   [3 0 0])
  ("vector" .
   [3 0 0 0 0 0])
  (":li" .
   [3 0 0])
  (":ice-cream" .
   [2 0 0 0 0 0 0 0 0 0])
  ("take" .
   [3 0 0 0])
  (":td" .
   [2 0 0])
  ("drop" .
   [1 0 0 0])
  (":br" .
   [4 0 0])
  (":frozen-yogurt" .
   [0 0 0 0 0 0 0 0 1 0 0 0 0 0])
  ("ul" .
   [1 0])
  ("20px" .
   [2 0 0 0])
  ("menu" .
   [1 0 0 0])
  ("menu_content" .
   [6 0 0 0 0 0 0 0 0 0 0 0])
  ("30px" .
   [5 0 0 0])
  ("5px" .
   [1 0 0])
  (":sorbet" .
   [1 0 0 0 0 0 0])
  ("defn" .
   [4 0 0 0])
  ("1px" .
   [3 0 0])
  ("menu_nav_item" .
   [1 0 0 0 0 0 0 0 0 0 0 0 0])
  ("border-bottom" .
   [2 0 0 0 0 0 0 0 0 0 0 0 0])
  ("transparent" .
   [1 0 0 0 0 0 0 0 0 0 0])
  ("white" .
   [3 0 0 0 0])
  ("render" .
   [2 0 0 0 0 0])
  ("layout" .
   [2 0 0 0 0 0])
  ("menu-content" .
   [2 0 0 0 0 0 0 0 0 0 0 0])
  ("hdhawaii" .
   [0 0 1 0 1 0 0 0])
  ("content" .
   [3 0 0 0 0 0 0])
  (":uri" .
   [1 0 0 0])
  ("menu_overview_nav" .
   [1 0 0 0 0 0 0 0 0 0 0 0 0 1 0 0 0])
  ("dazzlers" .
   [1 0 0 0 0 0 0 0])
  ("sundaes" .
   [2 0 0 0 0 0 0])
  ("padding" .
   [3 0 0 0 0 0 0])
  ("600" .
   [3 0 0])
  ("padding-top" .
   [1 0 0 0 0 0 0 0 0 0 0])
  ("padding-left" .
   [1 0 0 0 0 0 0 0 0 0 0 0])
  ("image" .
   [9 0 0 0 0])
  ("table" .
   [2 0 0 0 0])
  ("sub" .
   [1 0 0])
  ("img" .
   [17 0 0])
  ("caption" .
   [1 0 0 0 0 0 0])
  ("left" .
   [3 0 0 0])
  ("40px" .
   [1 0 0 0])
  ("flv" .
   [4 0 0])
  ("specialty-drinks" .
   [1 0 0 0 0 0 0 0 0 0 0 0 0 0 0 0])
  ("specialty-drinks-content" .
   [2 0 0 0 0 0 0 0 0 0 0 0 0 0 0 0 0 0 0 0 0 0 0 0])
  (":h4" .
   [3 0 0])
  ("name" .
   [8 0 0 0])
  ("specialty-shake" .
   [2 0 0 0 0 0 0 0 0 0 0 0 0 0 0])
  (":p" .
   [10 0])
  ("desc" .
   [8 0 0 0])
  ("border" .
   [1 0 0 0 0 0])
  ("E5CA8E" .
   [0 1 0 0 0 0])
  ("margin-right" .
   [1 0 0 0 0 0 0 0 0 0 0 0])
  ("0px" .
   [1 0 0])
  ("shake" .
   [2 0 0 0 0])
  ("100" .
   [2 0 0])
  ("8pt" .
   [1 0 0])
  ("normal" .
   [1 0 0 0 0 0])
  ("baristo" .
   [4 0 0 0 0 0 0])
  (":h5" .
   [7 0 0])
  ("s" .
   [1])
  ("smoothies" .
   [1 0 0 0 0 0 0 0 0])
  ("sorbet_sippers" .
   [0 0 0 0 0 0 1 0 0 0 0 0 0 0])
  ("dazzlers-content" .
   [1 0 0 0 0 0 0 0 0 0 0 0 0 0 0 0])
  ("dazzler" .
   [5 0 0 0 0 0 0])
  ("sundaes-content" .
   [1 0 0 0 0 0 0 0 0 0 0 0 0 0 0])
  ("link" .
   [1 0 0 0])
  ("nav_left" .
   [1 0 0 0 0 0 0 0])
  ("0" .
   [2])
  ("auto" .
   [1 0 0 0])
  ("right" .
   [1 0 0 0 0])
  ("repeat" .
   [1 0 0 0 0 0])
  ("8px" .
   [1 0 0])
  ("sundae" .
   [5 0 0 0 0 0])
  ("def" .
   [3 0 0])
  ("div-clear" .
   [1 0 0 0 0 0 0 0 0])
  ("horiz-divider" .
   [1 0 0 0 0 1 1 0 0 0 0 0 0])
  ("hd-text" .
   [11 0 0 0 0 0 0])
  ("font-weight" .
   [1 0 0 0 0 0 0 0 0 0 0])
  ("server" .
   [1 0 0 0 0 0])
  ("port" .
   [9 0 0 0])
  ("8080" .
   [3 0 0 0])
  ("opts" .
   [6 0 0 0])
  ("println" .
   [4 0 0 0 0 0 0])
  ("prn" .
   [1 0 0])
  ("let" .
   [4 0 0])
  ("ts" .
   [1 0])
  ("apply" .
   [1 0 0 0 0])
  ("hash-map" .
   [1 0 0 0 0 0 0 0])
  ("get" .
   [1 0 0])
  (":port" .
   [1 0 0 0 0])
  ("Integer." .
   [1 0 0 0 0 0 0 0])))
